-10172216
metal theme
6-pointed_star 735 312 104 104 0 -15461176 
6-pointed_star 105 312 104 104 0 -15461176 
6-pointed_star 315 312 104 104 0 -15461176 
6-pointed_star 105 104 104 104 0 -15461176 
6-pointed_star 735 104 104 104 0 -15461176 
6-pointed_star 421 0 104 104 0 -15461176 
6-pointed_star 211 208 104 104 0 -15461176 
6-pointed_star 1 0 104 104 0 -15461176 
6-pointed_star 211 0 104 104 0 -15461176 
6-pointed_star 1 416 104 104 0 -15461176 
6-pointed_star 525 312 104 104 0 -15461176 
6-pointed_star 841 416 104 104 0 -15461176 
6-pointed_star 315 104 104 104 0 -15461176 
6-pointed_star 841 0 104 104 0 -15461176 
6-pointed_star 211 416 104 104 0 -15461176 
6-pointed_star 841 208 104 104 0 -15461176 
6-pointed_star 945 312 104 104 0 -15461176 
6-pointed_star 631 208 104 104 0 -15461176 
6-pointed_star 1 208 104 104 0 -15461176 
6-pointed_star 631 416 104 104 0 -15461176 
6-pointed_star 421 416 104 104 0 -15461176 
6-pointed_star 421 208 104 104 0 -15461176 
6-pointed_star 631 0 104 104 0 -15461176 
6-pointed_star 525 104 104 104 0 -15461176 
6-pointed_star 945 104 104 104 0 -15461176 
