-16777216
yellow diamonds
6-pointed_star 1 0 100 100 1 -3670016 
6-pointed_star 203 0 100 100 1 -3670016 
6-pointed_star 405 0 100 100 1 -3670016 
6-pointed_star 607 0 100 100 1 -3670016 
6-pointed_star 809 0 100 100 1 -3670016 
6-pointed_star 101 100 100 100 1 -3670016 
6-pointed_star 303 100 100 100 1 -3670016 
6-pointed_star 505 100 100 100 1 -3670016 
6-pointed_star 707 100 100 100 1 -3670016 
6-pointed_star 909 100 100 100 1 -3670016 
6-pointed_star 101 200 100 100 1 -3670016 
6-pointed_star 303 200 100 100 1 -3670016 
6-pointed_star 505 200 100 100 1 -3670016 
6-pointed_star 707 200 100 100 1 -3670016 
6-pointed_star 909 200 100 100 1 -3670016 
6-pointed_star 101 300 100 100 1 -3670016 
6-pointed_star 303 300 100 100 1 -3670016 
6-pointed_star 505 300 100 100 1 -3670016 
6-pointed_star 707 300 100 100 1 -3670016 
6-pointed_star 909 300 100 100 1 -3670016 
6-pointed_star 101 400 100 100 1 -3670016 
6-pointed_star 303 400 100 100 1 -3670016 
6-pointed_star 505 400 100 100 1 -3670016 
6-pointed_star 707 400 100 100 1 -3670016 
6-pointed_star 909 400 100 100 1 -3670016 
6-pointed_star 1 0 100 100 1 -3670016 
6-pointed_star 203 0 100 100 1 -3670016 
6-pointed_star 405 0 100 100 1 -3670016 
6-pointed_star 607 0 100 100 1 -3670016 
6-pointed_star 809 0 100 100 1 -3670016 
6-pointed_star 101 100 100 100 1 -3670016 
6-pointed_star 303 100 100 100 1 -3670016 
6-pointed_star 505 100 100 100 1 -3670016 
6-pointed_star 707 100 100 100 1 -3670016 
6-pointed_star 909 100 100 100 1 -3670016 
6-pointed_star 101 200 100 100 1 -3670016 
6-pointed_star 303 200 100 100 1 -3670016 
6-pointed_star 505 200 100 100 1 -3670016 
6-pointed_star 707 200 100 100 1 -3670016 
6-pointed_star 909 200 100 100 1 -3670016 
6-pointed_star 101 300 100 100 1 -3670016 
6-pointed_star 303 300 100 100 1 -3670016 
6-pointed_star 505 300 100 100 1 -3670016 
6-pointed_star 707 300 100 100 1 -3670016 
6-pointed_star 909 300 100 100 1 -3670016 
6-pointed_star 101 400 100 100 1 -3670016 
6-pointed_star 303 400 100 100 1 -3670016 
6-pointed_star 505 400 100 100 1 -3670016 
6-pointed_star 707 400 100 100 1 -3670016 
6-pointed_star 909 400 100 100 1 -3670016 
