-16777216
none
5-pointed_star 111 185 104 104 0 -3670016 
5-pointed_star 829 90 104 104 0 -3670016 
5-pointed_star 801 169 104 104 0 -3670016 
5-pointed_star 581 93 104 104 0 -3670016 
5-pointed_star 111 185 104 104 0 -3670016 
5-pointed_star 829 90 104 104 0 -3670016 
5-pointed_star 801 169 104 104 0 -3670016 
5-pointed_star 581 93 104 104 0 -3670016 
5-pointed_star 357 352 104 104 0 -3670016 
5-pointed_star 423 164 104 104 0 -3670016 
5-pointed_star 392 427 104 104 0 -3670016 
5-pointed_star 111 185 104 104 0 -3670016 
5-pointed_star 829 90 104 104 0 -3670016 
5-pointed_star 801 169 104 104 0 -3670016 
5-pointed_star 581 93 104 104 0 -3670016 
5-pointed_star 111 185 104 104 0 -3670016 
5-pointed_star 829 90 104 104 0 -3670016 
5-pointed_star 801 169 104 104 0 -3670016 
5-pointed_star 581 93 104 104 0 -3670016 
5-pointed_star 357 352 104 104 0 -3670016 
5-pointed_star 423 164 104 104 0 -3670016 
5-pointed_star 392 427 104 104 0 -3670016 
