-16777216
none
triangle 1 104 104 104 0 -3670016 
triangle 525 0 104 104 0 -3670016 
triangle 315 0 104 104 0 -3670016 
triangle 211 104 104 104 0 -3670016 
triangle 421 104 104 104 0 -3670016 
triangle 631 104 104 104 0 -3670016 
triangle 841 104 104 104 0 -3670016 
triangle 945 0 104 104 0 -3670016 
triangle 105 0 104 104 0 -3670016 
triangle 735 0 104 104 0 -3670016 
5-pointed_star 211 0 104 104 0 -3670016 
5-pointed_star 841 0 104 104 0 -3670016 
5-pointed_star 315 104 104 104 0 -3670016 
5-pointed_star 735 104 104 104 0 -3670016 
5-pointed_star 631 0 104 104 0 -3670016 
5-pointed_star 105 104 104 104 0 -3670016 
5-pointed_star 1 0 104 104 0 -3670016 
5-pointed_star 945 104 104 104 0 -3670016 
5-pointed_star 525 104 104 104 0 -3670016 
5-pointed_star 421 0 104 104 0 -3670016 
